---
build/assets/img/cinema/bghome.png: 2018-05-24 09:42:40.403668770 +00:00
build/assets/img/cinema/bgsites.png: 2018-05-24 09:42:27.231922552 +00:00
build/assets/img/cinema/spriteowl-extension-colors.png: 2018-05-24 09:42:39.683682613
  +00:00
build/assets/img/content/example/psd-layers.png: 2018-05-24 09:42:42.163634948 +00:00
build/assets/img/content/howto/no-how2.png: 2018-05-24 09:42:21.312036994 +00:00
build/assets/img/content/howto/how1.png: 2018-05-24 09:42:18.524090975 +00:00
build/assets/img/content/howto/no-how3-boring.png: 2018-05-24 09:42:17.316114379 +00:00
build/assets/img/content/howto/no-how4.png: 2018-05-24 09:42:19.832065642 +00:00
build/assets/img/content/howto/yes-how2-magic.png: 2018-05-24 09:42:26.231941867 +00:00
build/assets/img/content/howto/yes-how3.png: 2018-05-24 09:42:28.967889038 +00:00
build/assets/img/content/owls/tree-owl.png: 2018-05-24 09:42:30.419861023 +00:00
build/assets/img/content/owls/like-me-owl.png: 2018-05-24 09:42:15.732145086 +00:00
build/assets/img/content/quotes/default.png: 2018-05-24 09:41:56.300523212 +00:00
build/assets/img/content/quotes/ps.png: 2018-05-24 09:42:05.308347592 +00:00
build/assets/img/content/quotes/sm.png: 2018-05-24 09:42:03.476383261 +00:00
build/assets/img/content/settings/spriteowl-extension.png: 2018-05-24 09:42:36.847737168
  +00:00
build/assets/img/favicon.png: 2018-05-24 09:42:22.900006272 +00:00
build/assets/img/site/example.png: 2018-05-24 09:42:01.816415603 +00:00
build/assets/img/site/example@2x.png: 2018-05-24 09:42:12.876200493 +00:00
build/assets/img/site/sprite.png: 2018-05-24 09:42:31.331843434 +00:00
build/assets/img/site/sprite@2x.png: 2018-05-24 09:42:53.163424026 +00:00
build/assets/img/site/bg.gif: 2018-05-24 09:41:56.252524150 +00:00
build/assets/img/site/bgdark.gif: 2018-05-24 09:41:56.260523993 +00:00
build/apple-touch-icon-152x152-precomposed.png: 2018-05-24 09:42:22.888006505 +00:00
build/apple-touch-icon-144x144-precomposed.png: 2018-05-24 09:42:23.036003641 +00:00
build/apple-touch-icon-120x120-precomposed.png: 2018-05-24 09:42:22.268018497 +00:00
build/apple-touch-icon-76x76-precomposed.png: 2018-05-24 09:42:22.476014474 +00:00
build/apple-touch-icon-72x72-precomposed.png: 2018-05-24 09:42:22.952005266 +00:00
build/apple-touch-icon-60x60-precomposed.png: 2018-05-24 09:42:21.972024223 +00:00
build/apple-touch-icon-57x57-precomposed.png: 2018-05-24 09:42:12.832201347 +00:00
build/apple-touch-icon-precomposed.png: 2018-05-24 09:42:22.444015093 +00:00
build/apple-touch-icon.png: 2018-05-24 09:42:20.452053640 +00:00
build/favicon-196x196.png: 2018-05-24 09:42:23.208000315 +00:00
build/favicon-160x160.png: 2018-05-24 09:42:49.259498794 +00:00
build/favicon-96x96.png: 2018-05-24 09:42:48.199519112 +00:00
build/favicon-32x32.png: 2018-05-24 09:42:49.591492432 +00:00
build/favicon-16x16.png: 2018-05-24 09:42:51.539455116 +00:00
build/apple-touch-icon-114x114-precomposed.png: 2018-05-24 09:42:51.623453507 +00:00
build/favicon.png: 2018-05-24 09:42:51.223461167 +00:00
build/mstile-70x70.png: 2018-05-24 09:42:51.595454044 +00:00
build/mstile-144x144.png: 2018-05-24 09:42:50.499475035 +00:00
build/mstile-150x150.png: 2018-05-24 09:42:51.651452971 +00:00
build/mstile-310x310.png: 2018-05-24 09:42:50.887467602 +00:00
build/mstile-310x150.png: 2018-05-24 09:42:51.671452588 +00:00
